nbItems: 90
nbOrderSize: 3
nbOrders: 3000
nbShelves: 96

Orders: [
3 31 0
87 67 50
52 70 82
78 14 13
49 0 0
61 3 32
64 40 7
7 59 54
14 67 0
18 52 34
40 0 0
43 52 0
15 29 18
4 69 72
61 40 48
33 74 78
52 1 0
65 1 0
77 0 0
5 48 49
72 50 0
42 88 0
9 20 0
48 37 77
5 0 0
26 1 0
82 8 0
51 38 0
88 89 0
74 42 0
74 77 0
42 13 52
15 0 0
84 89 0
81 0 0
42 31 74
7 51 0
9 88 6
48 0 0
52 40 75
34 5 0
15 33 0
62 18 0
37 0 0
15 26 0
77 49 18
40 59 0
23 63 43
9 0 0
9 0 0
40 0 0
1 20 33
13 0 0
63 74 8
31 1 0
51 18 9
76 15 8
40 60 0
77 33 48
21 77 0
4 50 0
21 76 0
65 33 48
7 49 33
4 36 0
42 8 13
74 66 34
72 71 0
59 43 0
1 36 0
66 42 0
50 38 56
21 42 37
50 88 0
17 0 0
59 0 0
36 0 0
61 52 0
15 40 76
38 36 0
52 0 0
50 90 0
33 76 0
67 15 0
33 0 0
7 84 0
5 33 70
6 25 0
59 50 0
88 59 0
59 52 50
19 15 4
51 40 50
78 77 0
82 34 0
7 59 84
15 49 0
86 0 0
52 77 0
1 14 77
7 1 9
61 72 20
24 13 0
8 88 0
3 77 0
87 32 22
87 77 36
52 5 0
36 37 9
34 48 0
48 28 0
20 20 0
37 77 0
42 49 0
52 59 0
42 24 33
28 42 0
15 0 0
7 66 40
47 34 88
59 23 1
52 40 0
78 0 0
7 0 0
85 7 48
28 8 1
7 62 4
15 30 0
11 3 28
8 83 0
66 0 0
7 77 0
42 0 0
34 40 0
21 0 0
49 75 0
8 1 0
70 59 12
52 5 28
32 1 0
34 10 0
13 81 0
62 0 0
42 0 0
85 59 13
15 17 0
3 84 0
7 87 0
1 50 88
57 84 41
50 63 0
40 1 0
5 78 0
33 9 0
63 0 0
13 0 0
31 22 40
52 0 0
42 84 22
50 59 0
17 34 0
72 0 0
50 42 43
40 74 0
36 0 0
49 84 29
9 50 0
52 34 0
15 14 71
65 0 0
50 28 0
50 38 52
62 4 0
38 87 35
40 36 0
37 82 0
28 1 9
47 6 0
85 9 33
82 0 0
84 59 40
33 82 0
50 26 49
48 0 0
42 38 48
52 38 33
14 82 0
15 23 20
66 48 86
33 4 0
52 38 62
80 74 30
28 20 0
1 78 59
24 57 8
85 27 0
28 0 0
42 77 88
18 90 0
54 26 0
83 1 7
13 42 47
89 0 0
34 29 11
12 0 0
33 59 0
20 9 0
62 0 0
82 90 0
48 52 47
78 1 0
33 10 37
52 0 0
1 42 0
34 37 14
9 21 14
42 22 0
40 1 9
18 52 0
52 9 0
90 23 0
4 23 0
84 47 43
63 0 0
50 59 18
36 25 0
84 0 0
64 88 7
50 52 18
42 88 1
40 50 0
40 82 20
29 4 0
48 75 62
40 0 0
40 0 0
24 48 69
42 90 54
37 0 0
47 21 29
74 0 0
64 84 78
82 76 0
88 0 0
40 84 90
14 82 0
33 82 0
3 63 0
14 15 0
10 66 0
8 66 18
33 9 1
82 33 0
22 0 0
40 30 28
15 0 0
40 41 0
27 70 0
59 14 28
56 0 0
32 9 13
59 88 74
33 0 0
50 76 0
72 76 0
40 57 0
15 13 90
5 89 0
18 0 0
77 30 0
29 59 0
52 59 8
59 6 0
78 58 0
37 52 0
85 64 0
77 31 29
42 0 0
42 49 0
28 0 0
21 0 0
59 0 0
64 66 0
60 0 0
4 25 52
47 59 85
35 77 5
70 30 64
5 0 0
49 46 0
69 0 0
33 42 85
9 33 10
49 43 0
30 27 0
48 69 0
34 57 0
81 8 0
8 0 0
52 9 0
58 7 40
36 80 0
42 53 0
18 42 0
42 47 9
77 9 14
36 42 74
85 63 48
48 40 0
33 0 0
6 50 0
48 15 51
30 34 0
52 37 0
15 22 66
7 4 32
7 42 72
20 50 7
3 0 0
84 38 0
86 70 0
38 73 18
84 0 0
28 82 63
32 18 1
90 0 0
36 52 0
60 61 0
23 10 0
21 44 86
35 7 24
30 48 0
51 78 14
69 0 0
6 3 0
52 28 37
48 31 22
78 0 0
50 0 0
36 87 0
26 78 33
82 49 0
32 28 0
31 52 10
65 25 0
28 0 0
34 29 20
20 33 0
6 69 20
15 22 6
63 18 0
51 0 0
7 66 1
10 48 0
15 54 0
21 36 0
50 0 0
20 43 0
14 0 0
38 22 23
50 61 0
33 84 63
30 66 18
65 63 0
29 43 40
40 7 0
27 0 0
11 42 0
50 37 74
20 15 0
9 74 0
5 76 88
42 0 0
37 26 0
29 88 90
5 36 43
28 22 32
64 15 0
1 40 24
36 78 0
1 0 0
75 33 0
42 72 0
84 10 0
87 72 0
50 30 0
63 76 38
40 0 0
3 76 0
38 42 64
76 8 42
90 59 55
50 37 0
10 32 0
18 17 0
58 15 0
40 74 0
76 0 0
81 63 20
6 82 77
59 54 0
43 89 9
78 1 77
37 20 0
1 56 52
43 59 0
20 11 0
12 43 6
84 11 0
40 77 0
29 3 0
21 33 0
81 0 0
75 0 0
59 9 38
34 50 0
84 48 0
50 55 0
22 42 0
10 51 0
42 5 0
1 15 18
37 42 0
1 57 0
10 88 0
87 36 0
21 40 0
84 15 0
5 17 22
3 82 0
31 52 0
88 0 0
1 36 0
78 77 70
38 20 0
52 15 18
9 90 72
52 49 0
49 37 42
30 21 75
82 33 0
33 0 0
42 18 0
87 15 50
77 36 29
25 33 0
65 28 0
82 22 49
7 42 87
15 0 0
76 47 38
42 75 0
7 0 0
61 14 0
15 30 0
18 1 0
52 40 36
33 42 7
47 0 0
49 42 0
36 0 0
38 13 0
40 34 0
90 18 0
29 25 22
52 22 0
50 58 37
2 0 0
42 15 0
52 28 0
20 0 0
7 5 0
23 51 0
22 76 80
39 50 0
52 21 40
52 1 0
42 0 0
70 28 0
7 58 64
5 86 50
40 1 0
64 84 0
13 0 0
84 0 0
25 21 0
21 15 0
72 42 52
10 74 0
36 4 0
3 80 0
14 76 0
20 42 0
69 78 0
60 0 0
81 20 0
34 10 0
38 0 0
34 65 0
7 16 0
70 1 0
78 48 0
11 59 0
59 5 0
42 15 0
15 57 0
29 76 48
15 52 34
1 33 59
4 82 83
47 36 82
88 8 0
59 0 0
12 13 0
52 18 42
32 42 0
40 84 5
77 47 0
14 0 0
77 55 70
64 37 0
4 52 0
5 49 13
59 33 0
18 84 7
8 77 63
7 50 0
59 40 0
81 0 0
7 28 50
88 0 0
63 58 0
20 36 0
49 38 32
74 83 0
41 59 0
20 4 21
34 23 8
40 70 0
88 34 9
64 0 0
9 51 50
20 0 0
29 81 42
70 49 31
4 0 0
9 0 0
59 63 52
49 0 0
61 63 0
22 0 0
82 0 0
66 86 0
70 42 0
59 63 52
14 25 34
61 49 0
3 4 9
77 20 78
66 0 0
61 6 36
66 42 0
78 1 0
34 8 0
59 77 0
88 28 0
1 9 0
20 0 0
4 86 60
38 43 0
59 1 61
30 11 0
20 49 0
69 50 0
34 49 4
42 0 0
1 33 0
26 74 0
15 71 70
59 0 0
85 63 0
52 49 0
26 3 10
38 14 0
29 15 0
72 0 0
75 33 9
37 0 0
82 42 9
38 0 0
82 43 0
74 22 5
50 29 0
20 34 52
4 42 0
3 42 59
40 61 0
84 85 50
84 40 0
47 0 0
28 0 0
74 42 34
52 4 0
42 72 76
66 63 0
18 74 0
75 18 0
52 82 0
33 4 0
38 0 0
59 84 18
21 22 15
34 7 10
77 32 30
72 82 0
4 59 88
30 0 0
36 80 0
38 4 24
38 0 0
33 28 0
48 6 31
89 32 0
40 42 76
42 85 84
59 15 1
82 41 0
20 64 0
36 64 21
67 38 0
8 75 0
47 0 0
77 13 0
82 52 0
7 14 37
43 70 22
42 20 0
74 0 0
76 49 0
87 34 77
3 28 33
7 10 9
82 63 74
59 85 52
14 76 0
57 25 0
59 69 0
22 20 0
22 59 0
74 9 59
12 59 0
3 78 20
43 69 0
80 77 0
50 29 4
36 9 15
72 1 0
4 64 28
51 9 77
80 28 0
36 0 0
52 0 0
9 88 28
43 1 74
34 0 0
42 9 72
77 74 51
29 90 49
58 88 0
47 0 0
36 1 0
88 48 29
61 15 26
29 56 0
64 52 7
52 31 0
67 33 0
23 77 0
88 0 0
88 59 48
43 42 34
13 76 0
1 48 0
69 3 33
52 34 0
49 28 0
61 82 0
88 1 0
82 34 52
72 42 1
90 0 0
70 59 52
42 33 59
86 65 0
77 90 80
42 84 0
78 48 42
42 59 0
1 61 36
52 35 90
36 7 0
44 0 0
32 0 0
27 63 0
32 7 0
29 0 0
65 0 0
7 0 0
29 0 0
64 28 0
15 83 0
48 17 15
29 77 59
42 5 4
37 47 1
54 61 84
52 0 0
36 0 0
22 40 78
52 87 0
54 66 35
32 28 0
72 42 0
15 34 0
20 34 0
59 36 51
15 3 47
4 37 0
36 42 0
6 72 23
40 7 0
33 20 0
40 86 64
11 42 59
7 9 0
43 0 0
59 33 0
7 52 42
15 64 0
29 7 80
59 33 0
38 15 77
78 88 0
66 69 0
1 42 0
21 0 0
1 33 0
7 42 78
37 43 0
49 84 0
10 0 0
1 13 0
81 88 21
87 59 0
84 20 52
50 49 77
50 0 0
43 77 37
1 36 0
47 59 0
52 26 22
52 1 0
10 0 0
60 0 0
49 20 37
37 64 88
59 0 0
74 9 15
61 35 0
36 40 76
59 4 40
74 85 78
84 13 0
15 37 0
35 28 7
20 59 8
35 88 0
78 90 0
34 8 0
84 33 15
38 8 31
77 17 0
3 34 1
30 5 83
49 0 0
59 5 63
88 0 0
28 5 49
86 88 0
7 31 40
78 38 0
83 0 0
1 0 0
5 15 0
9 14 33
38 59 74
9 86 55
43 84 0
36 52 14
82 33 0
74 77 48
63 1 0
6 49 33
29 20 21
11 9 0
48 42 0
63 0 0
13 10 0
8 84 0
1 17 52
36 0 0
87 25 77
5 74 0
24 48 52
77 40 15
32 37 0
50 49 0
42 21 64
46 61 0
85 0 0
67 22 90
29 70 61
59 0 0
6 0 0
52 37 62
29 77 9
61 0 0
48 42 50
61 54 0
77 9 40
82 17 0
72 38 0
20 0 0
7 48 0
40 58 1
59 48 0
48 89 15
33 52 0
9 61 0
66 1 70
85 38 0
60 28 4
77 0 0
50 1 0
88 52 40
15 34 50
52 75 40
44 1 0
88 3 15
37 21 0
52 42 59
8 15 0
85 52 3
9 27 55
52 15 0
36 65 8
36 64 0
37 34 0
4 0 0
7 14 0
50 52 9
59 88 0
11 7 20
7 59 0
88 34 0
37 71 0
86 74 0
26 72 89
61 0 0
17 59 0
14 25 15
7 21 15
25 86 33
20 0 0
66 35 26
36 52 0
14 77 59
13 0 0
7 0 0
9 0 0
90 50 22
21 63 0
31 0 0
59 64 0
89 29 40
17 66 0
33 0 0
20 37 2
74 77 0
84 34 0
33 77 0
90 14 0
82 88 0
66 0 0
72 48 52
50 74 80
71 77 87
34 50 18
49 15 58
59 48 5
4 0 0
40 25 74
52 88 59
29 0 0
88 43 0
43 0 0
72 37 0
89 0 0
12 49 0
48 0 0
25 78 42
32 22 9
48 88 5
63 28 4
40 88 50
72 0 0
36 74 10
47 87 77
26 33 0
40 32 33
28 5 0
37 48 0
70 0 0
42 15 0
36 40 31
38 6 67
18 0 0
12 33 0
47 0 0
28 38 42
4 8 15
50 88 76
28 15 82
22 0 0
52 24 9
6 37 0
29 21 82
15 42 50
37 0 0
22 0 0
30 18 0
20 33 65
42 0 0
9 52 64
38 52 76
14 51 0
48 13 66
34 76 77
47 58 0
90 25 0
59 34 0
59 0 0
59 1 49
37 49 0
26 66 7
50 38 40
77 63 4
52 66 7
85 0 0
66 20 0
33 76 63
31 69 0
50 77 0
8 61 1
84 20 0
20 52 0
52 51 14
88 57 0
23 15 0
42 81 20
71 0 0
55 0 0
75 63 0
52 30 40
4 21 61
7 47 87
84 33 13
7 70 55
38 0 0
48 77 0
81 80 9
7 23 42
32 77 0
51 77 0
1 88 74
7 77 0
42 1 0
82 15 59
54 55 0
3 70 0
30 4 0
6 50 0
34 87 88
30 7 64
35 1 0
74 0 0
28 36 0
11 12 0
50 48 0
15 59 18
21 34 72
72 0 0
35 40 38
9 0 0
60 0 0
42 60 22
24 0 0
52 0 0
76 40 0
15 62 43
37 7 0
49 0 0
54 64 72
42 29 61
7 17 0
83 42 21
36 35 18
52 24 58
28 65 0
72 34 51
19 22 50
43 0 0
48 0 0
20 15 0
42 21 50
5 0 0
52 9 38
24 0 0
21 0 0
75 49 47
17 74 0
50 65 0
14 8 0
42 72 62
10 0 0
10 0 0
83 52 0
78 0 0
42 35 0
72 0 0
26 14 38
50 1 0
78 8 38
13 0 0
74 50 31
26 42 0
40 76 0
28 0 0
88 42 0
40 59 15
77 55 0
9 52 0
70 49 0
48 22 77
62 0 0
21 0 0
11 43 0
74 20 7
20 89 4
88 35 0
35 61 21
21 51 0
77 20 0
30 1 0
49 6 59
33 0 0
82 52 0
42 55 0
6 0 0
5 11 0
49 42 0
13 14 0
14 33 0
28 0 0
37 77 33
6 54 0
86 0 0
40 9 65
32 33 0
14 9 38
81 33 0
85 0 0
86 88 0
41 0 0
1 75 0
1 63 0
22 77 38
32 58 76
52 38 7
56 0 0
14 74 43
56 61 0
43 0 0
48 0 0
35 32 0
15 65 0
52 40 0
52 0 0
1 72 0
49 87 86
58 0 0
66 0 0
42 84 57
59 15 0
37 0 0
89 33 29
77 0 0
74 0 0
50 38 0
16 83 1
15 89 66
18 0 0
74 84 8
11 0 0
43 75 0
38 0 0
42 90 15
24 0 0
33 4 9
40 0 0
28 18 2
1 29 41
65 30 0
69 77 29
58 82 0
78 0 0
50 9 32
5 40 59
61 0 0
36 37 0
50 0 0
26 52 0
8 21 33
8 14 0
22 78 0
61 40 50
1 18 0
33 59 43
85 86 0
54 42 0
14 2 0
3 77 20
4 11 0
33 61 0
72 1 0
52 59 25
43 59 82
50 36 4
86 0 0
33 9 52
15 0 0
22 32 33
40 59 0
76 0 0
42 84 0
59 40 0
33 52 78
59 0 0
30 74 42
66 35 0
76 56 0
40 61 0
7 9 0
57 59 0
77 0 0
29 42 52
7 64 0
70 40 33
84 18 7
48 14 61
86 20 25
21 0 0
40 16 29
11 38 0
52 6 32
18 77 47
77 0 0
33 88 72
76 14 28
61 0 0
74 88 12
77 64 0
59 0 0
40 20 0
59 9 0
23 38 7
29 40 0
22 15 52
88 0 0
74 0 0
50 17 0
22 0 0
47 3 88
18 38 59
34 22 29
88 49 0
14 4 29
30 38 47
76 20 43
42 15 0
15 89 0
77 52 48
8 51 0
20 43 0
77 74 38
12 36 0
54 31 0
13 0 0
37 0 0
15 76 24
58 0 0
30 52 0
37 61 0
42 0 0
59 38 0
37 43 0
7 1 0
49 0 0
63 14 17
78 43 0
70 38 0
4 47 0
52 49 0
26 0 0
20 38 0
35 82 1
61 52 0
57 0 0
4 20 77
21 72 34
33 13 42
10 32 1
22 38 0
52 37 0
82 61 51
7 62 37
88 78 0
42 0 0
52 0 0
40 30 0
1 74 0
40 85 0
49 22 0
5 6 52
65 0 0
15 36 0
52 85 0
59 32 36
15 29 11
14 0 0
31 59 29
42 23 0
42 88 0
5 21 18
24 72 30
18 14 29
33 29 24
28 33 0
76 59 62
20 9 28
74 38 0
17 0 0
48 63 0
59 63 0
38 19 0
83 0 0
89 64 0
52 61 40
42 0 0
32 0 0
84 38 0
46 0 0
1 28 0
44 22 51
89 77 63
57 55 42
36 59 31
7 0 0
90 59 42
7 81 0
38 44 3
9 38 14
34 17 0
32 76 0
57 59 0
2 49 0
47 87 82
63 20 59
14 33 7
18 21 0
21 50 0
7 15 63
61 0 0
38 75 15
85 0 0
1 9 52
77 86 0
87 43 8
69 0 0
64 59 0
64 1 0
70 77 0
4 0 0
84 12 59
12 5 34
38 7 0
24 59 33
34 0 0
7 87 0
52 68 0
52 76 0
78 28 59
29 0 0
25 21 74
42 36 0
36 72 59
50 29 13
7 12 65
2 76 12
33 1 0
77 1 68
24 3 0
20 52 8
7 0 0
48 76 9
59 15 0
14 0 0
14 69 38
77 28 22
20 84 0
75 0 0
48 3 42
88 54 75
14 33 0
6 84 88
61 43 64
59 28 0
23 14 0
53 0 0
13 26 0
37 49 0
7 0 0
61 9 65
74 0 0
88 23 0
89 88 0
61 53 62
52 0 0
86 11 12
78 20 0
76 77 3
33 0 0
3 20 0
37 88 15
63 42 50
13 63 0
78 74 28
29 12 0
7 0 0
8 0 0
74 52 59
52 38 15
7 29 0
22 17 37
66 33 0
15 59 0
74 88 0
70 46 1
8 3 5
14 0 0
52 74 0
59 0 0
50 85 63
26 40 29
9 86 0
63 0 0
5 37 67
81 75 0
11 0 0
59 18 0
88 78 0
3 66 52
47 78 0
42 0 0
56 86 0
60 0 0
30 0 0
29 17 49
70 52 36
33 82 11
29 16 0
74 0 0
38 87 1
9 0 0
82 15 37
29 63 15
59 18 0
52 0 0
47 8 0
52 84 42
38 13 56
33 0 0
48 19 42
15 31 0
88 36 0
55 9 42
63 0 0
23 0 0
15 84 72
30 0 0
77 0 0
61 0 0
10 18 0
22 88 0
84 42 77
18 82 0
80 0 0
9 52 42
80 68 12
6 11 0
58 62 0
33 43 28
34 85 0
50 72 0
47 25 70
11 77 23
88 0 0
52 0 0
17 42 0
67 52 63
4 0 0
20 3 8
34 1 0
25 78 50
4 58 9
52 58 0
67 0 0
52 85 77
61 34 33
29 0 0
17 63 86
36 0 0
77 9 61
25 33 0
88 59 50
20 33 0
7 14 64
38 0 0
37 0 0
1 34 58
66 56 0
78 35 0
40 82 0
48 0 0
59 52 0
49 61 65
18 87 0
20 49 0
47 52 0
61 33 38
88 0 0
36 59 0
20 6 0
1 90 0
38 52 66
40 74 0
31 0 0
40 0 0
20 30 0
33 42 0
86 15 0
12 0 0
42 86 20
70 38 59
42 52 81
38 64 15
28 0 0
23 40 89
5 8 29
63 0 0
52 35 0
9 76 7
59 0 0
6 23 0
88 76 82
89 52 0
25 38 0
6 0 0
44 0 0
17 42 76
38 15 7
36 20 0
81 4 0
42 62 0
33 48 29
26 5 31
88 9 52
40 49 50
25 15 20
37 36 61
42 15 77
37 24 0
82 88 0
69 0 0
72 20 49
42 77 0
72 59 49
40 33 77
15 20 0
37 36 73
52 33 0
35 0 0
30 38 48
48 82 0
54 21 0
87 49 78
20 37 83
51 76 0
33 47 0
44 62 50
42 8 0
42 50 75
1 66 0
58 65 0
22 38 74
37 0 0
5 64 0
84 1 4
6 36 0
37 14 0
48 86 33
41 88 0
88 18 77
20 0 0
40 77 0
81 52 0
77 59 20
88 22 0
5 0 0
33 29 0
29 22 4
1 20 60
59 72 52
84 0 0
49 0 0
72 52 78
63 66 0
34 59 30
61 0 0
15 22 0
9 35 0
50 76 0
5 61 0
46 39 0
40 18 52
50 88 6
50 0 0
64 0 0
24 1 9
4 62 0
84 3 0
9 15 0
76 33 0
47 74 49
4 63 0
61 50 3
33 49 0
18 52 0
18 5 52
78 90 52
84 47 57
40 14 33
65 0 0
20 64 6
22 9 33
72 22 7
3 0 0
33 59 75
70 1 0
52 84 42
14 0 0
52 57 88
67 0 0
36 64 33
88 43 0
32 63 88
33 88 6
34 0 0
14 40 0
6 1 0
48 36 0
20 5 1
65 52 24
35 29 78
36 0 0
52 59 0
7 0 0
32 59 38
50 18 42
35 29 33
4 9 0
1 33 0
58 59 0
22 14 0
74 42 38
14 11 38
28 9 14
48 87 84
61 70 15
42 65 63
4 0 0
59 4 15
42 8 0
42 22 0
50 40 0
58 36 0
15 78 59
59 52 0
6 0 0
36 8 0
10 9 0
77 15 26
38 71 0
29 65 43
76 84 32
43 76 0
7 5 89
52 65 31
41 34 74
34 82 50
29 22 0
77 0 0
42 50 0
50 76 42
59 81 0
78 0 0
80 59 88
55 42 64
65 31 0
9 48 18
31 1 3
16 66 52
7 18 42
50 1 29
24 67 0
50 41 36
43 0 0
8 42 10
34 29 0
25 30 0
87 46 77
33 37 63
35 42 15
30 36 0
48 11 26
81 0 0
64 5 0
89 52 88
84 9 59
88 7 35
18 0 0
50 4 6
82 52 51
52 0 0
86 22 31
52 5 0
30 37 58
15 72 50
48 36 28
9 48 0
63 37 78
28 0 0
50 14 4
1 0 0
24 33 78
14 54 0
66 12 55
31 52 59
40 49 14
32 0 0
37 0 0
50 86 0
59 62 0
52 1 0
43 11 40
1 0 0
11 82 38
40 0 0
9 21 84
64 41 32
72 14 0
15 0 0
38 87 86
77 28 0
74 0 0
22 0 0
40 4 0
34 77 50
59 55 48
72 0 0
37 78 0
29 59 0
20 14 0
13 43 61
14 0 0
61 52 72
84 8 0
61 50 29
66 0 0
6 29 1
40 54 0
18 77 33
52 9 0
18 9 70
5 3 0
67 1 4
59 38 8
77 72 52
50 90 0
1 65 53
80 0 0
59 6 0
36 81 11
7 0 0
42 37 74
3 7 0
88 0 0
3 20 0
82 69 7
28 61 0
83 88 15
52 7 15
30 0 0
63 15 0
52 15 51
63 21 7
74 42 0
6 40 0
65 4 0
47 36 0
11 0 0
89 76 74
74 69 0
38 40 0
14 0 0
9 74 40
82 9 52
12 0 0
89 21 0
75 66 0
78 0 0
74 15 0
84 17 40
7 15 47
66 42 31
22 43 0
7 49 12
15 12 1
11 77 0
42 72 0
3 74 29
63 32 1
84 88 52
34 0 0
70 18 0
66 9 0
23 49 0
38 83 0
42 28 43
1 52 56
37 28 0
40 0 0
81 8 42
8 80 0
82 9 20
61 0 0
17 49 0
9 0 0
33 0 0
10 15 0
5 0 0
26 0 0
52 70 0
20 0 0
84 0 0
14 0 0
15 37 33
51 5 0
48 1 20
36 66 0
33 18 50
37 0 0
63 42 74
1 65 0
30 9 0
40 59 70
82 1 0
64 49 0
29 14 0
29 54 0
11 9 0
31 88 0
33 77 0
49 52 28
9 52 69
40 35 0
17 19 21
63 77 0
15 0 0
77 29 0
8 24 0
28 59 0
8 30 76
42 33 0
21 50 52
1 10 0
90 9 42
49 9 0
1 0 0
85 52 0
52 58 0
30 62 52
84 1 0
35 84 82
61 0 0
15 88 0
59 28 66
29 0 0
66 78 0
1 8 18
31 0 0
5 66 0
6 14 0
63 15 0
10 63 0
15 84 0
18 25 88
40 22 3
63 0 0
21 80 38
59 5 0
1 34 90
84 59 0
84 24 34
20 64 0
5 40 7
51 29 0
7 82 9
90 74 0
56 84 48
26 50 38
20 74 24
77 8 11
59 5 1
29 0 0
55 0 0
72 15 82
42 52 0
28 43 0
84 0 0
62 0 0
8 0 0
65 77 40
74 15 0
36 43 40
76 48 75
37 32 0
34 29 15
37 77 0
50 66 0
4 77 0
17 1 0
77 64 0
74 0 0
84 42 0
6 1 9
51 4 0
20 46 40
52 0 0
88 2 0
5 88 30
42 0 0
80 72 28
51 78 77
6 52 0
83 59 38
72 10 25
60 36 35
82 63 40
20 33 0
77 75 7
20 62 0
37 77 7
66 56 54
29 0 0
36 1 0
1 0 0
49 4 0
7 9 0
52 0 0
63 77 0
42 88 52
33 78 59
43 5 88
1 89 34
74 0 0
70 76 82
75 77 0
1 18 0
15 87 0
33 82 0
63 0 0
34 87 0
42 9 0
34 77 0
28 59 0
50 53 0
33 40 0
47 32 0
42 85 0
20 58 49
42 25 55
52 27 0
55 77 81
78 1 0
60 70 0
18 11 0
87 0 0
69 18 63
7 33 0
84 14 0
72 22 0
1 52 0
8 52 72
55 28 59
52 82 0
78 0 0
29 30 0
63 78 54
28 3 0
14 0 0
88 0 0
37 66 59
13 52 0
5 42 74
1 52 0
5 0 0
83 74 72
64 58 69
78 0 0
42 20 1
33 45 37
50 7 37
88 20 52
12 29 0
5 21 37
59 0 0
81 5 33
22 78 0
9 61 0
88 0 0
5 51 0
48 4 0
74 61 70
48 80 0
47 52 0
38 0 0
18 90 22
20 84 30
77 0 0
29 38 42
43 42 0
5 50 33
43 0 0
36 1 52
61 66 0
38 23 0
20 77 52
1 33 77
34 0 0
76 74 36
40 82 0
81 36 0
55 0 0
13 1 49
69 74 7
38 59 0
35 0 0
15 55 40
77 26 0
50 36 0
65 47 1
30 0 0
63 54 38
4 69 0
67 61 65
6 72 0
43 33 52
33 6 4
52 84 83
35 65 0
42 0 0
87 0 0
59 82 0
66 0 0
48 9 0
42 15 18
51 0 0
63 8 57
5 0 0
59 21 0
2 0 0
51 42 0
1 74 33
22 67 40
64 40 4
43 5 0
33 0 0
14 9 40
52 20 0
15 0 0
57 49 65
34 1 8
7 63 0
66 40 0
31 61 8
33 74 0
88 36 0
42 2 1
59 0 0
14 0 0
52 61 0
20 29 0
26 36 7
33 72 10
10 66 0
72 76 0
52 72 64
21 40 43
30 32 50
82 10 52
77 43 0
63 40 0
46 29 4
64 59 0
66 74 0
88 22 0
1 77 0
7 33 1
63 34 42
80 38 29
5 0 0
82 66 0
18 59 58
1 74 72
74 63 69
34 77 75
49 28 48
59 0 0
34 15 0
43 82 0
48 88 20
29 3 77
6 9 20
11 52 0
30 5 14
84 29 0
77 29 66
5 34 9
63 20 0
33 37 13
88 0 0
34 22 74
89 0 0
36 40 78
73 0 0
47 61 69
29 78 77
42 0 0
15 50 34
66 0 0
40 38 0
5 0 0
29 1 0
36 52 17
13 0 0
58 88 52
52 74 63
30 66 34
82 0 0
75 0 0
35 10 0
4 42 0
7 74 11
33 23 0
29 49 0
31 15 42
30 76 0
51 88 0
33 0 0
72 9 0
12 63 0
50 66 0
70 15 0
14 0 0
21 37 0
77 0 0
63 34 0
59 31 0
9 0 0
26 28 72
42 15 54
43 13 0
5 10 88
47 50 0
42 30 0
88 54 0
8 59 0
78 88 0
74 0 0
64 0 0
11 4 0
42 63 9
32 61 0
48 0 0
18 49 33
77 9 0
6 85 50
36 0 0
89 74 52
73 24 9
29 33 15
84 38 87
80 82 52
77 59 0
34 10 0
42 32 0
48 60 38
88 64 0
17 0 0
29 18 76
66 0 0
18 26 77
32 84 70
76 42 29
74 1 63
33 49 40
7 4 20
40 0 0
85 66 50
76 89 9
29 65 0
49 47 0
63 0 0
28 0 0
26 77 85
42 11 0
1 9 33
9 0 0
80 0 0
88 17 6
88 0 0
16 0 0
32 50 0
44 0 0
9 52 7
52 0 0
42 0 0
33 0 0
43 28 10
52 1 0
51 9 0
88 7 75
52 10 75
62 29 9
28 34 0
14 63 9
86 50 80
5 33 0
33 52 50
49 33 43
38 74 0
29 43 85
84 0 0
52 4 0
9 88 0
31 34 57
40 0 0
42 4 0
64 15 0
49 0 0
20 0 0
42 6 78
52 0 0
67 8 0
8 36 0
52 38 54
32 66 0
20 30 0
9 59 64
42 52 82
59 22 0
7 48 47
50 13 0
90 32 37
56 54 0
25 11 3
77 0 0
32 0 0
82 47 0
62 42 0
9 0 0
8 77 0
63 22 0
21 76 1
28 48 0
85 48 43
38 26 0
43 9 88
6 82 0
54 33 27
88 37 12
84 10 0
82 0 0
84 77 28
89 26 22
42 33 77
5 62 0
4 20 0
88 82 0
51 88 0
88 7 1
4 54 0
72 0 0
29 38 7
12 59 0
48 0 0
63 77 47
84 38 77
31 21 7
64 0 0
32 21 72
28 24 0
63 84 59
13 52 0
31 26 54
36 77 38
61 0 0
1 82 0
1 65 0
14 57 0
15 20 42
32 14 0
50 46 0
20 74 14
36 28 52
42 50 0
87 34 9
72 33 21
67 29 0
15 20 0
84 52 37
63 0 0
23 0 0
40 52 0
74 70 0
40 0 0
61 52 74
48 5 66
18 84 3
77 17 0
89 33 90
13 55 0
61 49 18
25 38 0
52 0 0
29 0 0
1 37 0
57 29 0
8 40 0
15 56 86
74 0 0
5 48 24
40 34 0
82 52 0
36 84 70
74 1 0
42 3 0
38 33 52
38 20 0
27 77 18
42 80 76
84 12 0
34 0 0
90 15 0
36 0 0
22 29 8
7 14 4
77 30 52
46 81 0
36 0 0
37 63 57
22 6 25
87 0 0
75 1 38
9 0 0
20 0 0
70 33 77
15 49 5
56 0 0
65 89 30
20 63 0
77 0 0
62 42 49
26 42 4
34 76 72
52 21 0
90 40 52
74 0 0
20 74 9
55 88 0
33 1 0
50 0 0
52 0 0
1 49 0
13 8 0
9 66 67
4 3 0
15 0 0
40 66 33
32 59 14
14 22 0
88 7 76
34 22 0
66 0 0
17 88 37
18 82 8
40 4 33
20 66 34
14 0 0
60 3 42
33 63 0
23 8 33
59 49 80
7 38 33
42 86 0
42 0 0
58 72 28
57 0 0
42 0 0
40 0 0
58 41 0
52 74 0
52 38 22
66 9 0
64 7 15
28 43 81
33 72 0
22 0 0
87 78 0
82 61 72
38 0 0
52 0 0
32 3 37
40 72 0
38 20 0
40 76 52
78 61 33
52 5 71
5 0 0
72 87 49
15 0 0
47 0 0
30 11 15
83 63 40
12 52 64
59 82 0
52 38 0
12 37 70
77 81 0
77 52 59
62 22 0
40 86 34
28 0 0
66 15 50
11 74 48
62 0 0
51 72 50
59 87 0
61 34 0
7 55 0
14 0 0
49 30 0
37 0 0
42 36 28
21 24 72
82 64 0
85 0 0
13 82 36
30 48 1
37 33 0
81 23 0
33 81 0
5 8 0
52 0 0
52 72 0
11 59 0
8 0 0
77 48 0
52 37 42
52 33 0
59 19 82
63 0 0
1 33 0
61 42 0
47 24 0
52 56 50
37 72 0
49 33 0
14 0 0
74 88 0
57 0 0
42 0 0
88 0 0
7 18 6
48 7 32
43 30 0
51 38 59
50 52 0
86 31 85
62 82 18
52 77 84
35 4 0
67 0 0
82 0 0
43 0 0
74 0 0
26 87 0
29 11 0
15 9 79
14 33 0
62 28 38
4 13 52
30 74 0
59 88 0
47 35 0
34 15 37
26 64 34
90 40 18
48 40 55
42 52 0
88 0 0
65 6 59
1 0 0
20 59 77
21 9 0
70 54 64
28 42 48
69 0 0
76 0 0
59 5 25
31 18 0
64 59 0
37 9 59
88 29 66
7 0 0
52 0 0
81 0 0
5 35 74
40 83 57
15 43 22
87 0 0
22 5 29
59 0 0
4 0 0
43 49 8
85 59 0
37 52 34
13 47 0
77 0 0
34 64 20
75 0 0
40 0 0
52 21 59
51 0 0
84 14 0
52 48 0
49 6 0
22 50 0
36 43 64
18 0 0
50 47 0
52 77 20
37 65 0
8 29 0
88 76 0
77 0 0
23 0 0
42 18 0
33 52 0
24 64 0
10 49 0
84 6 46
76 22 25
54 13 0
30 0 0
20 64 37
33 52 59
82 28 33
78 59 84
33 50 0
40 1 0
15 25 43
38 32 17
33 4 0
1 18 54
37 88 0
90 6 40
88 0 0
48 32 33
37 34 63
24 74 65
48 77 0
9 76 82
20 86 5
48 37 0
52 67 74
69 4 18
14 30 0
58 0 0
36 50 87
37 22 0
36 74 0
42 0 0
83 52 14
36 0 0
8 0 0
6 38 0
5 51 1
28 3 0
32 15 0
24 0 0
10 22 33
42 34 0
37 33 0
36 0 0
70 11 59
64 0 0
84 82 52
56 18 36
8 66 40
37 49 7
88 52 0
33 63 1
4 22 0
89 0 0
59 1 0
38 33 43
4 86 0
52 34 40
49 59 0
56 67 28
66 28 0
84 9 0
76 59 64
7 33 0
40 0 0
15 33 0
42 36 74
20 47 87
15 9 70
29 17 78
85 42 0
42 78 38
34 47 18
1 33 5
66 70 0
44 40 0
56 88 0
54 52 0
36 52 0
82 49 10
18 50 9
61 42 33
4 88 84
13 90 7
72 0 0
56 87 0
40 0 0
66 63 0
59 0 0
22 57 84
7 48 49
72 30 0
1 0 0
52 20 0
77 75 88
72 4 0
78 31 0
7 83 76
72 22 0
64 15 43
74 15 0
88 74 43
70 0 0
33 36 0
59 12 43
48 42 0
88 19 17
15 33 0
40 50 80
7 70 0
38 7 9
18 0 0
21 40 3
59 77 15
88 30 1
42 30 0
21 5 0
7 42 0
49 0 0
63 42 47
25 65 37
76 55 42
1 59 85
21 8 0
3 0 0
9 88 0
42 49 0
61 42 0
85 33 0
48 8 0
52 33 59
59 0 0
5 78 0
84 76 0
15 29 0
36 35 7
24 0 0
33 0 0
89 0 0
36 22 0
4 1 7
52 4 81
34 28 42
37 0 0
5 0 0
78 89 9
59 55 0
84 25 38
77 15 0
48 34 36
15 58 59
78 0 0
13 22 0
36 86 59
9 82 0
15 26 52
5 0 0
74 78 0
85 32 37
64 0 0
61 0 0
64 0 0
46 66 0
74 42 40
37 59 0
63 0 0
70 83 0
38 88 0
48 32 0
9 42 6
49 88 0
85 7 36
52 0 0
70 76 64
74 63 48
50 9 0
30 88 42
29 47 31
52 49 0
36 22 0
9 0 0
59 0 0
38 74 0
3 28 6
16 9 0
17 0 0
84 22 0
11 52 0
36 0 0
50 10 0
67 64 13
21 72 77
35 0 0
49 29 60
42 58 0
38 33 77
52 40 0
74 63 88
50 9 52
59 38 0
22 77 57
26 0 0
58 48 80
6 11 63
52 88 61
4 49 77
36 82 52
49 74 6
14 0 0
15 0 0
40 0 0
28 33 51
10 24 26
37 81 0
49 51 50
1 20 0
1 7 58
48 1 0
52 49 0
63 9 0
38 5 63
63 0 0
25 49 52
9 0 0
64 1 72
50 88 18
37 0 0
38 0 0
33 34 22
38 36 0
50 38 0
3 11 0
40 63 1
67 22 37
15 9 42
74 4 0
40 82 24
69 7 30
21 23 42
34 0 0
8 81 0
36 84 33
32 50 22
36 31 40
46 0 0
28 89 47
50 1 82
51 36 7
25 21 0
15 9 0
52 15 0
10 40 5
63 40 0
57 26 0
9 0 0
59 62 0
29 0 0
76 37 0
77 65 0
50 34 52
88 37 77
7 52 0
28 40 61
61 29 59
35 0 0
42 14 0
58 30 72
29 32 0
34 88 0
16 7 0
58 3 49
17 42 0
63 34 0
59 23 10
15 25 0
9 5 0
59 90 23
82 0 0
4 64 52
52 61 18
15 37 0
7 64 37
9 25 0
48 87 0
55 42 0
61 0 0
49 1 0
35 42 2
40 0 0
84 20 61
48 8 0
52 54 0
20 0 0
49 88 0
18 61 0
84 4 33
62 84 0
13 32 49
28 77 47
88 20 75
36 33 0
48 33 52
29 0 0
9 0 0
77 8 66
49 82 0
72 1 0
52 17 0
77 0 0
28 7 33
9 0 0
42 50 49
21 52 1
78 47 36
59 38 77
88 49 0
51 0 0
57 1 0
3 0 0
64 82 52
52 48 51
6 15 32
9 0 0
76 36 72
33 76 25
33 0 0
77 36 5
84 15 88
13 76 0
52 28 0
1 85 48
22 0 0
14 37 0
15 0 0
5 33 38
31 36 13
12 81 0
18 80 81
40 0 0
36 0 0
88 59 20
16 57 7
77 33 0
52 38 33
43 50 12
71 23 20
64 40 5
14 0 0
89 0 0
66 40 0
61 10 20
3 11 77
63 23 12
23 8 42
17 0 0
8 64 77
9 62 0
38 60 0
63 62 64
63 60 0
34 90 2
65 0 0
78 20 1
85 0 0
38 8 30
63 0 0
33 0 0
49 0 0
42 66 0
58 61 0
87 0 0
49 88 90
23 49 0
7 8 63
14 15 48
43 37 83
25 40 29
38 1 72
85 20 0
38 5 66
40 78 0
69 10 0
30 5 6
76 29 15
52 59 37
77 78 11
30 42 0
78 1 0
85 29 32
48 31 0
42 30 14
38 21 0
66 87 0
40 0 0
14 58 0
29 31 15
87 20 0
62 77 0
7 0 0
4 82 78
7 0 0
78 15 52
18 7 38
5 14 0
11 15 71
62 84 0
55 0 0
7 8 64
1 74 0
31 77 1
21 65 0
18 58 7
72 37 0
28 0 0
74 38 0
6 0 0
8 88 50
25 4 0
34 14 15
33 28 0
7 0 0
47 0 0
15 9 0
17 1 0
76 50 0
3 6 0
72 0 0
58 7 12
70 0 0
65 15 60
74 85 20
50 0 0
3 42 0
40 0 0
40 1 5
48 88 64
88 20 31
76 5 47
53 40 0
52 17 0
15 76 1
20 65 38
42 63 52
63 52 36
9 0 0
29 0 0
9 59 55
3 77 52
88 18 0
20 51 0
34 42 22
55 59 24
1 55 37
31 8 20
8 42 1
18 31 0
3 87 0
56 52 42
36 52 0
25 0 0
4 9 52
32 63 0
27 18 43
40 0 0
5 40 33
9 0 0
59 0 0
15 47 18
71 78 48
37 52 33
84 0 0
21 0 0
86 37 42
63 0 0
15 77 35
5 49 0
28 20 0
50 59 0
83 77 0
4 0 0
52 38 0
87 7 70
18 20 77
22 0 0
9 34 70
1 70 0
34 88 84
88 15 59
22 48 14
38 42 36
74 49 38
22 37 0
4 18 20
2 23 0
40 14 0
88 29 0
37 59 0
52 23 42
]

Allocations: [
45 79 39 68 73 53 19 44 16 71 27 41 2 46 60 67 56 83 80 57 69 55 75 54 89 12 81 62 23 26 24 86 35 17 90 58 51 25 85 65 31 11 87 10 13 70 3 32 47 6 30 21 43 64 66 78 76 61 8 72 22 18 82 14 28 4 5 84 34 48 63 29 49 74 37 36 20 38 50 7 88 9 40 77 15 1 33 59 42 52 52 42 59 33 1 15
]

DistanceShelfShelf: [
0 1 2 3 4 5 6 7 8 9 10 11 12 13 14 15 16 17 18 19 20 21 22 23 0 1 2 3 4 5 6 7 8 9 10 11 12 13 14 15 16 17 18 19 20 21 22 23 5 6 7 8 9 10 11 12 13 14 15 16 17 18 19 20 21 22 23 24 25 26 27 28 5 6 7 8 9 10 11 12 13 14 15 16 17 18 19 20 21 22 23 24 25 26 27 28
1 0 1 2 3 4 5 6 7 8 9 10 11 12 13 14 15 16 17 18 19 20 21 22 1 0 1 2 3 4 5 6 7 8 9 10 11 12 13 14 15 16 17 18 19 20 21 22 6 7 8 9 10 11 12 13 14 15 16 17 18 19 20 21 22 23 24 25 26 27 28 27 6 7 8 9 10 11 12 13 14 15 16 17 18 19 20 21 22 23 24 25 26 27 28 27
2 1 0 1 2 3 4 5 6 7 8 9 10 11 12 13 14 15 16 17 18 19 20 21 2 1 0 1 2 3 4 5 6 7 8 9 10 11 12 13 14 15 16 17 18 19 20 21 7 8 9 10 11 12 13 14 15 16 17 18 19 20 21 22 23 24 25 26 27 28 27 26 7 8 9 10 11 12 13 14 15 16 17 18 19 20 21 22 23 24 25 26 27 28 27 26
3 2 1 0 1 2 3 4 5 6 7 8 9 10 11 12 13 14 15 16 17 18 19 20 3 2 1 0 1 2 3 4 5 6 7 8 9 10 11 12 13 14 15 16 17 18 19 20 8 9 10 11 12 13 14 15 16 17 18 19 20 21 22 23 24 25 26 27 28 27 26 25 8 9 10 11 12 13 14 15 16 17 18 19 20 21 22 23 24 25 26 27 28 27 26 25
4 3 2 1 0 1 2 3 4 5 6 7 8 9 10 11 12 13 14 15 16 17 18 19 4 3 2 1 0 1 2 3 4 5 6 7 8 9 10 11 12 13 14 15 16 17 18 19 9 10 11 12 13 14 15 16 17 18 19 20 21 22 23 24 25 26 27 28 27 26 25 24 9 10 11 12 13 14 15 16 17 18 19 20 21 22 23 24 25 26 27 28 27 26 25 24
5 4 3 2 1 0 1 2 3 4 5 6 7 8 9 10 11 12 13 14 15 16 17 18 5 4 3 2 1 0 1 2 3 4 5 6 7 8 9 10 11 12 13 14 15 16 17 18 10 11 12 13 14 15 16 17 18 19 20 21 22 23 24 25 26 27 28 27 26 25 24 23 10 11 12 13 14 15 16 17 18 19 20 21 22 23 24 25 26 27 28 27 26 25 24 23
6 5 4 3 2 1 0 1 2 3 4 5 6 7 8 9 10 11 12 13 14 15 16 17 6 5 4 3 2 1 0 1 2 3 4 5 6 7 8 9 10 11 12 13 14 15 16 17 11 12 13 14 15 16 17 18 19 20 21 22 23 24 25 26 27 28 27 26 25 24 23 22 11 12 13 14 15 16 17 18 19 20 21 22 23 24 25 26 27 28 27 26 25 24 23 22
7 6 5 4 3 2 1 0 1 2 3 4 5 6 7 8 9 10 11 12 13 14 15 16 7 6 5 4 3 2 1 0 1 2 3 4 5 6 7 8 9 10 11 12 13 14 15 16 12 13 14 15 16 17 18 19 20 21 22 23 24 25 26 27 28 27 26 25 24 23 22 21 12 13 14 15 16 17 18 19 20 21 22 23 24 25 26 27 28 27 26 25 24 23 22 21
8 7 6 5 4 3 2 1 0 1 2 3 4 5 6 7 8 9 10 11 12 13 14 15 8 7 6 5 4 3 2 1 0 1 2 3 4 5 6 7 8 9 10 11 12 13 14 15 13 14 15 16 17 18 19 20 21 22 23 24 25 26 27 28 27 26 25 24 23 22 21 20 13 14 15 16 17 18 19 20 21 22 23 24 25 26 27 28 27 26 25 24 23 22 21 20
9 8 7 6 5 4 3 2 1 0 1 2 3 4 5 6 7 8 9 10 11 12 13 14 9 8 7 6 5 4 3 2 1 0 1 2 3 4 5 6 7 8 9 10 11 12 13 14 14 15 16 17 18 19 20 21 22 23 24 25 26 27 28 27 26 25 24 23 22 21 20 19 14 15 16 17 18 19 20 21 22 23 24 25 26 27 28 27 26 25 24 23 22 21 20 19
10 9 8 7 6 5 4 3 2 1 0 1 2 3 4 5 6 7 8 9 10 11 12 13 10 9 8 7 6 5 4 3 2 1 0 1 2 3 4 5 6 7 8 9 10 11 12 13 15 16 17 18 19 20 21 22 23 24 25 26 27 28 27 26 25 24 23 22 21 20 19 18 15 16 17 18 19 20 21 22 23 24 25 26 27 28 27 26 25 24 23 22 21 20 19 18
11 10 9 8 7 6 5 4 3 2 1 0 1 2 3 4 5 6 7 8 9 10 11 12 11 10 9 8 7 6 5 4 3 2 1 0 1 2 3 4 5 6 7 8 9 10 11 12 16 17 18 19 20 21 22 23 24 25 26 27 28 27 26 25 24 23 22 21 20 19 18 17 16 17 18 19 20 21 22 23 24 25 26 27 28 27 26 25 24 23 22 21 20 19 18 17
12 11 10 9 8 7 6 5 4 3 2 1 0 1 2 3 4 5 6 7 8 9 10 11 12 11 10 9 8 7 6 5 4 3 2 1 0 1 2 3 4 5 6 7 8 9 10 11 17 18 19 20 21 22 23 24 25 26 27 28 27 26 25 24 23 22 21 20 19 18 17 16 17 18 19 20 21 22 23 24 25 26 27 28 27 26 25 24 23 22 21 20 19 18 17 16
13 12 11 10 9 8 7 6 5 4 3 2 1 0 1 2 3 4 5 6 7 8 9 10 13 12 11 10 9 8 7 6 5 4 3 2 1 0 1 2 3 4 5 6 7 8 9 10 18 19 20 21 22 23 24 25 26 27 28 27 26 25 24 23 22 21 20 19 18 17 16 15 18 19 20 21 22 23 24 25 26 27 28 27 26 25 24 23 22 21 20 19 18 17 16 15
14 13 12 11 10 9 8 7 6 5 4 3 2 1 0 1 2 3 4 5 6 7 8 9 14 13 12 11 10 9 8 7 6 5 4 3 2 1 0 1 2 3 4 5 6 7 8 9 19 20 21 22 23 24 25 26 27 28 27 26 25 24 23 22 21 20 19 18 17 16 15 14 19 20 21 22 23 24 25 26 27 28 27 26 25 24 23 22 21 20 19 18 17 16 15 14
15 14 13 12 11 10 9 8 7 6 5 4 3 2 1 0 1 2 3 4 5 6 7 8 15 14 13 12 11 10 9 8 7 6 5 4 3 2 1 0 1 2 3 4 5 6 7 8 20 21 22 23 24 25 26 27 28 27 26 25 24 23 22 21 20 19 18 17 16 15 14 13 20 21 22 23 24 25 26 27 28 27 26 25 24 23 22 21 20 19 18 17 16 15 14 13
16 15 14 13 12 11 10 9 8 7 6 5 4 3 2 1 0 1 2 3 4 5 6 7 16 15 14 13 12 11 10 9 8 7 6 5 4 3 2 1 0 1 2 3 4 5 6 7 21 22 23 24 25 26 27 28 27 26 25 24 23 22 21 20 19 18 17 16 15 14 13 12 21 22 23 24 25 26 27 28 27 26 25 24 23 22 21 20 19 18 17 16 15 14 13 12
17 16 15 14 13 12 11 10 9 8 7 6 5 4 3 2 1 0 1 2 3 4 5 6 17 16 15 14 13 12 11 10 9 8 7 6 5 4 3 2 1 0 1 2 3 4 5 6 22 23 24 25 26 27 28 27 26 25 24 23 22 21 20 19 18 17 16 15 14 13 12 11 22 23 24 25 26 27 28 27 26 25 24 23 22 21 20 19 18 17 16 15 14 13 12 11
18 17 16 15 14 13 12 11 10 9 8 7 6 5 4 3 2 1 0 1 2 3 4 5 18 17 16 15 14 13 12 11 10 9 8 7 6 5 4 3 2 1 0 1 2 3 4 5 23 24 25 26 27 28 27 26 25 24 23 22 21 20 19 18 17 16 15 14 13 12 11 10 23 24 25 26 27 28 27 26 25 24 23 22 21 20 19 18 17 16 15 14 13 12 11 10
19 18 17 16 15 14 13 12 11 10 9 8 7 6 5 4 3 2 1 0 1 2 3 4 19 18 17 16 15 14 13 12 11 10 9 8 7 6 5 4 3 2 1 0 1 2 3 4 24 25 26 27 28 27 26 25 24 23 22 21 20 19 18 17 16 15 14 13 12 11 10 9 24 25 26 27 28 27 26 25 24 23 22 21 20 19 18 17 16 15 14 13 12 11 10 9
20 19 18 17 16 15 14 13 12 11 10 9 8 7 6 5 4 3 2 1 0 1 2 3 20 19 18 17 16 15 14 13 12 11 10 9 8 7 6 5 4 3 2 1 0 1 2 3 25 26 27 28 27 26 25 24 23 22 21 20 19 18 17 16 15 14 13 12 11 10 9 8 25 26 27 28 27 26 25 24 23 22 21 20 19 18 17 16 15 14 13 12 11 10 9 8
21 20 19 18 17 16 15 14 13 12 11 10 9 8 7 6 5 4 3 2 1 0 1 2 21 20 19 18 17 16 15 14 13 12 11 10 9 8 7 6 5 4 3 2 1 0 1 2 26 27 28 27 26 25 24 23 22 21 20 19 18 17 16 15 14 13 12 11 10 9 8 7 26 27 28 27 26 25 24 23 22 21 20 19 18 17 16 15 14 13 12 11 10 9 8 7
22 21 20 19 18 17 16 15 14 13 12 11 10 9 8 7 6 5 4 3 2 1 0 1 22 21 20 19 18 17 16 15 14 13 12 11 10 9 8 7 6 5 4 3 2 1 0 1 27 28 27 26 25 24 23 22 21 20 19 18 17 16 15 14 13 12 11 10 9 8 7 6 27 28 27 26 25 24 23 22 21 20 19 18 17 16 15 14 13 12 11 10 9 8 7 6
23 22 21 20 19 18 17 16 15 14 13 12 11 10 9 8 7 6 5 4 3 2 1 0 23 22 21 20 19 18 17 16 15 14 13 12 11 10 9 8 7 6 5 4 3 2 1 0 28 27 26 25 24 23 22 21 20 19 18 17 16 15 14 13 12 11 10 9 8 7 6 5 28 27 26 25 24 23 22 21 20 19 18 17 16 15 14 13 12 11 10 9 8 7 6 5
0 1 2 3 4 5 6 7 8 9 10 11 12 13 14 15 16 17 18 19 20 21 22 23 0 1 2 3 4 5 6 7 8 9 10 11 12 13 14 15 16 17 18 19 20 21 22 23 5 6 7 8 9 10 11 12 13 14 15 16 17 18 19 20 21 22 23 24 25 26 27 28 5 6 7 8 9 10 11 12 13 14 15 16 17 18 19 20 21 22 23 24 25 26 27 28
1 0 1 2 3 4 5 6 7 8 9 10 11 12 13 14 15 16 17 18 19 20 21 22 1 0 1 2 3 4 5 6 7 8 9 10 11 12 13 14 15 16 17 18 19 20 21 22 6 7 8 9 10 11 12 13 14 15 16 17 18 19 20 21 22 23 24 25 26 27 28 27 6 7 8 9 10 11 12 13 14 15 16 17 18 19 20 21 22 23 24 25 26 27 28 27
2 1 0 1 2 3 4 5 6 7 8 9 10 11 12 13 14 15 16 17 18 19 20 21 2 1 0 1 2 3 4 5 6 7 8 9 10 11 12 13 14 15 16 17 18 19 20 21 7 8 9 10 11 12 13 14 15 16 17 18 19 20 21 22 23 24 25 26 27 28 27 26 7 8 9 10 11 12 13 14 15 16 17 18 19 20 21 22 23 24 25 26 27 28 27 26
3 2 1 0 1 2 3 4 5 6 7 8 9 10 11 12 13 14 15 16 17 18 19 20 3 2 1 0 1 2 3 4 5 6 7 8 9 10 11 12 13 14 15 16 17 18 19 20 8 9 10 11 12 13 14 15 16 17 18 19 20 21 22 23 24 25 26 27 28 27 26 25 8 9 10 11 12 13 14 15 16 17 18 19 20 21 22 23 24 25 26 27 28 27 26 25
4 3 2 1 0 1 2 3 4 5 6 7 8 9 10 11 12 13 14 15 16 17 18 19 4 3 2 1 0 1 2 3 4 5 6 7 8 9 10 11 12 13 14 15 16 17 18 19 9 10 11 12 13 14 15 16 17 18 19 20 21 22 23 24 25 26 27 28 27 26 25 24 9 10 11 12 13 14 15 16 17 18 19 20 21 22 23 24 25 26 27 28 27 26 25 24
5 4 3 2 1 0 1 2 3 4 5 6 7 8 9 10 11 12 13 14 15 16 17 18 5 4 3 2 1 0 1 2 3 4 5 6 7 8 9 10 11 12 13 14 15 16 17 18 10 11 12 13 14 15 16 17 18 19 20 21 22 23 24 25 26 27 28 27 26 25 24 23 10 11 12 13 14 15 16 17 18 19 20 21 22 23 24 25 26 27 28 27 26 25 24 23
6 5 4 3 2 1 0 1 2 3 4 5 6 7 8 9 10 11 12 13 14 15 16 17 6 5 4 3 2 1 0 1 2 3 4 5 6 7 8 9 10 11 12 13 14 15 16 17 11 12 13 14 15 16 17 18 19 20 21 22 23 24 25 26 27 28 27 26 25 24 23 22 11 12 13 14 15 16 17 18 19 20 21 22 23 24 25 26 27 28 27 26 25 24 23 22
7 6 5 4 3 2 1 0 1 2 3 4 5 6 7 8 9 10 11 12 13 14 15 16 7 6 5 4 3 2 1 0 1 2 3 4 5 6 7 8 9 10 11 12 13 14 15 16 12 13 14 15 16 17 18 19 20 21 22 23 24 25 26 27 28 27 26 25 24 23 22 21 12 13 14 15 16 17 18 19 20 21 22 23 24 25 26 27 28 27 26 25 24 23 22 21
8 7 6 5 4 3 2 1 0 1 2 3 4 5 6 7 8 9 10 11 12 13 14 15 8 7 6 5 4 3 2 1 0 1 2 3 4 5 6 7 8 9 10 11 12 13 14 15 13 14 15 16 17 18 19 20 21 22 23 24 25 26 27 28 27 26 25 24 23 22 21 20 13 14 15 16 17 18 19 20 21 22 23 24 25 26 27 28 27 26 25 24 23 22 21 20
9 8 7 6 5 4 3 2 1 0 1 2 3 4 5 6 7 8 9 10 11 12 13 14 9 8 7 6 5 4 3 2 1 0 1 2 3 4 5 6 7 8 9 10 11 12 13 14 14 15 16 17 18 19 20 21 22 23 24 25 26 27 28 27 26 25 24 23 22 21 20 19 14 15 16 17 18 19 20 21 22 23 24 25 26 27 28 27 26 25 24 23 22 21 20 19
10 9 8 7 6 5 4 3 2 1 0 1 2 3 4 5 6 7 8 9 10 11 12 13 10 9 8 7 6 5 4 3 2 1 0 1 2 3 4 5 6 7 8 9 10 11 12 13 15 16 17 18 19 20 21 22 23 24 25 26 27 28 27 26 25 24 23 22 21 20 19 18 15 16 17 18 19 20 21 22 23 24 25 26 27 28 27 26 25 24 23 22 21 20 19 18
11 10 9 8 7 6 5 4 3 2 1 0 1 2 3 4 5 6 7 8 9 10 11 12 11 10 9 8 7 6 5 4 3 2 1 0 1 2 3 4 5 6 7 8 9 10 11 12 16 17 18 19 20 21 22 23 24 25 26 27 28 27 26 25 24 23 22 21 20 19 18 17 16 17 18 19 20 21 22 23 24 25 26 27 28 27 26 25 24 23 22 21 20 19 18 17
12 11 10 9 8 7 6 5 4 3 2 1 0 1 2 3 4 5 6 7 8 9 10 11 12 11 10 9 8 7 6 5 4 3 2 1 0 1 2 3 4 5 6 7 8 9 10 11 17 18 19 20 21 22 23 24 25 26 27 28 27 26 25 24 23 22 21 20 19 18 17 16 17 18 19 20 21 22 23 24 25 26 27 28 27 26 25 24 23 22 21 20 19 18 17 16
13 12 11 10 9 8 7 6 5 4 3 2 1 0 1 2 3 4 5 6 7 8 9 10 13 12 11 10 9 8 7 6 5 4 3 2 1 0 1 2 3 4 5 6 7 8 9 10 18 19 20 21 22 23 24 25 26 27 28 27 26 25 24 23 22 21 20 19 18 17 16 15 18 19 20 21 22 23 24 25 26 27 28 27 26 25 24 23 22 21 20 19 18 17 16 15
14 13 12 11 10 9 8 7 6 5 4 3 2 1 0 1 2 3 4 5 6 7 8 9 14 13 12 11 10 9 8 7 6 5 4 3 2 1 0 1 2 3 4 5 6 7 8 9 19 20 21 22 23 24 25 26 27 28 27 26 25 24 23 22 21 20 19 18 17 16 15 14 19 20 21 22 23 24 25 26 27 28 27 26 25 24 23 22 21 20 19 18 17 16 15 14
15 14 13 12 11 10 9 8 7 6 5 4 3 2 1 0 1 2 3 4 5 6 7 8 15 14 13 12 11 10 9 8 7 6 5 4 3 2 1 0 1 2 3 4 5 6 7 8 20 21 22 23 24 25 26 27 28 27 26 25 24 23 22 21 20 19 18 17 16 15 14 13 20 21 22 23 24 25 26 27 28 27 26 25 24 23 22 21 20 19 18 17 16 15 14 13
16 15 14 13 12 11 10 9 8 7 6 5 4 3 2 1 0 1 2 3 4 5 6 7 16 15 14 13 12 11 10 9 8 7 6 5 4 3 2 1 0 1 2 3 4 5 6 7 21 22 23 24 25 26 27 28 27 26 25 24 23 22 21 20 19 18 17 16 15 14 13 12 21 22 23 24 25 26 27 28 27 26 25 24 23 22 21 20 19 18 17 16 15 14 13 12
17 16 15 14 13 12 11 10 9 8 7 6 5 4 3 2 1 0 1 2 3 4 5 6 17 16 15 14 13 12 11 10 9 8 7 6 5 4 3 2 1 0 1 2 3 4 5 6 22 23 24 25 26 27 28 27 26 25 24 23 22 21 20 19 18 17 16 15 14 13 12 11 22 23 24 25 26 27 28 27 26 25 24 23 22 21 20 19 18 17 16 15 14 13 12 11
18 17 16 15 14 13 12 11 10 9 8 7 6 5 4 3 2 1 0 1 2 3 4 5 18 17 16 15 14 13 12 11 10 9 8 7 6 5 4 3 2 1 0 1 2 3 4 5 23 24 25 26 27 28 27 26 25 24 23 22 21 20 19 18 17 16 15 14 13 12 11 10 23 24 25 26 27 28 27 26 25 24 23 22 21 20 19 18 17 16 15 14 13 12 11 10
19 18 17 16 15 14 13 12 11 10 9 8 7 6 5 4 3 2 1 0 1 2 3 4 19 18 17 16 15 14 13 12 11 10 9 8 7 6 5 4 3 2 1 0 1 2 3 4 24 25 26 27 28 27 26 25 24 23 22 21 20 19 18 17 16 15 14 13 12 11 10 9 24 25 26 27 28 27 26 25 24 23 22 21 20 19 18 17 16 15 14 13 12 11 10 9
20 19 18 17 16 15 14 13 12 11 10 9 8 7 6 5 4 3 2 1 0 1 2 3 20 19 18 17 16 15 14 13 12 11 10 9 8 7 6 5 4 3 2 1 0 1 2 3 25 26 27 28 27 26 25 24 23 22 21 20 19 18 17 16 15 14 13 12 11 10 9 8 25 26 27 28 27 26 25 24 23 22 21 20 19 18 17 16 15 14 13 12 11 10 9 8
21 20 19 18 17 16 15 14 13 12 11 10 9 8 7 6 5 4 3 2 1 0 1 2 21 20 19 18 17 16 15 14 13 12 11 10 9 8 7 6 5 4 3 2 1 0 1 2 26 27 28 27 26 25 24 23 22 21 20 19 18 17 16 15 14 13 12 11 10 9 8 7 26 27 28 27 26 25 24 23 22 21 20 19 18 17 16 15 14 13 12 11 10 9 8 7
22 21 20 19 18 17 16 15 14 13 12 11 10 9 8 7 6 5 4 3 2 1 0 1 22 21 20 19 18 17 16 15 14 13 12 11 10 9 8 7 6 5 4 3 2 1 0 1 27 28 27 26 25 24 23 22 21 20 19 18 17 16 15 14 13 12 11 10 9 8 7 6 27 28 27 26 25 24 23 22 21 20 19 18 17 16 15 14 13 12 11 10 9 8 7 6
23 22 21 20 19 18 17 16 15 14 13 12 11 10 9 8 7 6 5 4 3 2 1 0 23 22 21 20 19 18 17 16 15 14 13 12 11 10 9 8 7 6 5 4 3 2 1 0 28 27 26 25 24 23 22 21 20 19 18 17 16 15 14 13 12 11 10 9 8 7 6 5 28 27 26 25 24 23 22 21 20 19 18 17 16 15 14 13 12 11 10 9 8 7 6 5
5 6 7 8 9 10 11 12 13 14 15 16 17 18 19 20 21 22 23 24 25 26 27 28 5 6 7 8 9 10 11 12 13 14 15 16 17 18 19 20 21 22 23 24 25 26 27 28 0 1 2 3 4 5 6 7 8 9 10 11 12 13 14 15 16 17 18 19 20 21 22 23 0 1 2 3 4 5 6 7 8 9 10 11 12 13 14 15 16 17 18 19 20 21 22 23
6 7 8 9 10 11 12 13 14 15 16 17 18 19 20 21 22 23 24 25 26 27 28 27 6 7 8 9 10 11 12 13 14 15 16 17 18 19 20 21 22 23 24 25 26 27 28 27 1 0 1 2 3 4 5 6 7 8 9 10 11 12 13 14 15 16 17 18 19 20 21 22 1 0 1 2 3 4 5 6 7 8 9 10 11 12 13 14 15 16 17 18 19 20 21 22
7 8 9 10 11 12 13 14 15 16 17 18 19 20 21 22 23 24 25 26 27 28 27 26 7 8 9 10 11 12 13 14 15 16 17 18 19 20 21 22 23 24 25 26 27 28 27 26 2 1 0 1 2 3 4 5 6 7 8 9 10 11 12 13 14 15 16 17 18 19 20 21 2 1 0 1 2 3 4 5 6 7 8 9 10 11 12 13 14 15 16 17 18 19 20 21
8 9 10 11 12 13 14 15 16 17 18 19 20 21 22 23 24 25 26 27 28 27 26 25 8 9 10 11 12 13 14 15 16 17 18 19 20 21 22 23 24 25 26 27 28 27 26 25 3 2 1 0 1 2 3 4 5 6 7 8 9 10 11 12 13 14 15 16 17 18 19 20 3 2 1 0 1 2 3 4 5 6 7 8 9 10 11 12 13 14 15 16 17 18 19 20
9 10 11 12 13 14 15 16 17 18 19 20 21 22 23 24 25 26 27 28 27 26 25 24 9 10 11 12 13 14 15 16 17 18 19 20 21 22 23 24 25 26 27 28 27 26 25 24 4 3 2 1 0 1 2 3 4 5 6 7 8 9 10 11 12 13 14 15 16 17 18 19 4 3 2 1 0 1 2 3 4 5 6 7 8 9 10 11 12 13 14 15 16 17 18 19
10 11 12 13 14 15 16 17 18 19 20 21 22 23 24 25 26 27 28 27 26 25 24 23 10 11 12 13 14 15 16 17 18 19 20 21 22 23 24 25 26 27 28 27 26 25 24 23 5 4 3 2 1 0 1 2 3 4 5 6 7 8 9 10 11 12 13 14 15 16 17 18 5 4 3 2 1 0 1 2 3 4 5 6 7 8 9 10 11 12 13 14 15 16 17 18
11 12 13 14 15 16 17 18 19 20 21 22 23 24 25 26 27 28 27 26 25 24 23 22 11 12 13 14 15 16 17 18 19 20 21 22 23 24 25 26 27 28 27 26 25 24 23 22 6 5 4 3 2 1 0 1 2 3 4 5 6 7 8 9 10 11 12 13 14 15 16 17 6 5 4 3 2 1 0 1 2 3 4 5 6 7 8 9 10 11 12 13 14 15 16 17
12 13 14 15 16 17 18 19 20 21 22 23 24 25 26 27 28 27 26 25 24 23 22 21 12 13 14 15 16 17 18 19 20 21 22 23 24 25 26 27 28 27 26 25 24 23 22 21 7 6 5 4 3 2 1 0 1 2 3 4 5 6 7 8 9 10 11 12 13 14 15 16 7 6 5 4 3 2 1 0 1 2 3 4 5 6 7 8 9 10 11 12 13 14 15 16
13 14 15 16 17 18 19 20 21 22 23 24 25 26 27 28 27 26 25 24 23 22 21 20 13 14 15 16 17 18 19 20 21 22 23 24 25 26 27 28 27 26 25 24 23 22 21 20 8 7 6 5 4 3 2 1 0 1 2 3 4 5 6 7 8 9 10 11 12 13 14 15 8 7 6 5 4 3 2 1 0 1 2 3 4 5 6 7 8 9 10 11 12 13 14 15
14 15 16 17 18 19 20 21 22 23 24 25 26 27 28 27 26 25 24 23 22 21 20 19 14 15 16 17 18 19 20 21 22 23 24 25 26 27 28 27 26 25 24 23 22 21 20 19 9 8 7 6 5 4 3 2 1 0 1 2 3 4 5 6 7 8 9 10 11 12 13 14 9 8 7 6 5 4 3 2 1 0 1 2 3 4 5 6 7 8 9 10 11 12 13 14
15 16 17 18 19 20 21 22 23 24 25 26 27 28 27 26 25 24 23 22 21 20 19 18 15 16 17 18 19 20 21 22 23 24 25 26 27 28 27 26 25 24 23 22 21 20 19 18 10 9 8 7 6 5 4 3 2 1 0 1 2 3 4 5 6 7 8 9 10 11 12 13 10 9 8 7 6 5 4 3 2 1 0 1 2 3 4 5 6 7 8 9 10 11 12 13
16 17 18 19 20 21 22 23 24 25 26 27 28 27 26 25 24 23 22 21 20 19 18 17 16 17 18 19 20 21 22 23 24 25 26 27 28 27 26 25 24 23 22 21 20 19 18 17 11 10 9 8 7 6 5 4 3 2 1 0 1 2 3 4 5 6 7 8 9 10 11 12 11 10 9 8 7 6 5 4 3 2 1 0 1 2 3 4 5 6 7 8 9 10 11 12
17 18 19 20 21 22 23 24 25 26 27 28 27 26 25 24 23 22 21 20 19 18 17 16 17 18 19 20 21 22 23 24 25 26 27 28 27 26 25 24 23 22 21 20 19 18 17 16 12 11 10 9 8 7 6 5 4 3 2 1 0 1 2 3 4 5 6 7 8 9 10 11 12 11 10 9 8 7 6 5 4 3 2 1 0 1 2 3 4 5 6 7 8 9 10 11
18 19 20 21 22 23 24 25 26 27 28 27 26 25 24 23 22 21 20 19 18 17 16 15 18 19 20 21 22 23 24 25 26 27 28 27 26 25 24 23 22 21 20 19 18 17 16 15 13 12 11 10 9 8 7 6 5 4 3 2 1 0 1 2 3 4 5 6 7 8 9 10 13 12 11 10 9 8 7 6 5 4 3 2 1 0 1 2 3 4 5 6 7 8 9 10
19 20 21 22 23 24 25 26 27 28 27 26 25 24 23 22 21 20 19 18 17 16 15 14 19 20 21 22 23 24 25 26 27 28 27 26 25 24 23 22 21 20 19 18 17 16 15 14 14 13 12 11 10 9 8 7 6 5 4 3 2 1 0 1 2 3 4 5 6 7 8 9 14 13 12 11 10 9 8 7 6 5 4 3 2 1 0 1 2 3 4 5 6 7 8 9
20 21 22 23 24 25 26 27 28 27 26 25 24 23 22 21 20 19 18 17 16 15 14 13 20 21 22 23 24 25 26 27 28 27 26 25 24 23 22 21 20 19 18 17 16 15 14 13 15 14 13 12 11 10 9 8 7 6 5 4 3 2 1 0 1 2 3 4 5 6 7 8 15 14 13 12 11 10 9 8 7 6 5 4 3 2 1 0 1 2 3 4 5 6 7 8
21 22 23 24 25 26 27 28 27 26 25 24 23 22 21 20 19 18 17 16 15 14 13 12 21 22 23 24 25 26 27 28 27 26 25 24 23 22 21 20 19 18 17 16 15 14 13 12 16 15 14 13 12 11 10 9 8 7 6 5 4 3 2 1 0 1 2 3 4 5 6 7 16 15 14 13 12 11 10 9 8 7 6 5 4 3 2 1 0 1 2 3 4 5 6 7
22 23 24 25 26 27 28 27 26 25 24 23 22 21 20 19 18 17 16 15 14 13 12 11 22 23 24 25 26 27 28 27 26 25 24 23 22 21 20 19 18 17 16 15 14 13 12 11 17 16 15 14 13 12 11 10 9 8 7 6 5 4 3 2 1 0 1 2 3 4 5 6 17 16 15 14 13 12 11 10 9 8 7 6 5 4 3 2 1 0 1 2 3 4 5 6
23 24 25 26 27 28 27 26 25 24 23 22 21 20 19 18 17 16 15 14 13 12 11 10 23 24 25 26 27 28 27 26 25 24 23 22 21 20 19 18 17 16 15 14 13 12 11 10 18 17 16 15 14 13 12 11 10 9 8 7 6 5 4 3 2 1 0 1 2 3 4 5 18 17 16 15 14 13 12 11 10 9 8 7 6 5 4 3 2 1 0 1 2 3 4 5
24 25 26 27 28 27 26 25 24 23 22 21 20 19 18 17 16 15 14 13 12 11 10 9 24 25 26 27 28 27 26 25 24 23 22 21 20 19 18 17 16 15 14 13 12 11 10 9 19 18 17 16 15 14 13 12 11 10 9 8 7 6 5 4 3 2 1 0 1 2 3 4 19 18 17 16 15 14 13 12 11 10 9 8 7 6 5 4 3 2 1 0 1 2 3 4
25 26 27 28 27 26 25 24 23 22 21 20 19 18 17 16 15 14 13 12 11 10 9 8 25 26 27 28 27 26 25 24 23 22 21 20 19 18 17 16 15 14 13 12 11 10 9 8 20 19 18 17 16 15 14 13 12 11 10 9 8 7 6 5 4 3 2 1 0 1 2 3 20 19 18 17 16 15 14 13 12 11 10 9 8 7 6 5 4 3 2 1 0 1 2 3
26 27 28 27 26 25 24 23 22 21 20 19 18 17 16 15 14 13 12 11 10 9 8 7 26 27 28 27 26 25 24 23 22 21 20 19 18 17 16 15 14 13 12 11 10 9 8 7 21 20 19 18 17 16 15 14 13 12 11 10 9 8 7 6 5 4 3 2 1 0 1 2 21 20 19 18 17 16 15 14 13 12 11 10 9 8 7 6 5 4 3 2 1 0 1 2
27 28 27 26 25 24 23 22 21 20 19 18 17 16 15 14 13 12 11 10 9 8 7 6 27 28 27 26 25 24 23 22 21 20 19 18 17 16 15 14 13 12 11 10 9 8 7 6 22 21 20 19 18 17 16 15 14 13 12 11 10 9 8 7 6 5 4 3 2 1 0 1 22 21 20 19 18 17 16 15 14 13 12 11 10 9 8 7 6 5 4 3 2 1 0 1
28 27 26 25 24 23 22 21 20 19 18 17 16 15 14 13 12 11 10 9 8 7 6 5 28 27 26 25 24 23 22 21 20 19 18 17 16 15 14 13 12 11 10 9 8 7 6 5 23 22 21 20 19 18 17 16 15 14 13 12 11 10 9 8 7 6 5 4 3 2 1 0 23 22 21 20 19 18 17 16 15 14 13 12 11 10 9 8 7 6 5 4 3 2 1 0
5 6 7 8 9 10 11 12 13 14 15 16 17 18 19 20 21 22 23 24 25 26 27 28 5 6 7 8 9 10 11 12 13 14 15 16 17 18 19 20 21 22 23 24 25 26 27 28 0 1 2 3 4 5 6 7 8 9 10 11 12 13 14 15 16 17 18 19 20 21 22 23 0 1 2 3 4 5 6 7 8 9 10 11 12 13 14 15 16 17 18 19 20 21 22 23
6 7 8 9 10 11 12 13 14 15 16 17 18 19 20 21 22 23 24 25 26 27 28 27 6 7 8 9 10 11 12 13 14 15 16 17 18 19 20 21 22 23 24 25 26 27 28 27 1 0 1 2 3 4 5 6 7 8 9 10 11 12 13 14 15 16 17 18 19 20 21 22 1 0 1 2 3 4 5 6 7 8 9 10 11 12 13 14 15 16 17 18 19 20 21 22
7 8 9 10 11 12 13 14 15 16 17 18 19 20 21 22 23 24 25 26 27 28 27 26 7 8 9 10 11 12 13 14 15 16 17 18 19 20 21 22 23 24 25 26 27 28 27 26 2 1 0 1 2 3 4 5 6 7 8 9 10 11 12 13 14 15 16 17 18 19 20 21 2 1 0 1 2 3 4 5 6 7 8 9 10 11 12 13 14 15 16 17 18 19 20 21
8 9 10 11 12 13 14 15 16 17 18 19 20 21 22 23 24 25 26 27 28 27 26 25 8 9 10 11 12 13 14 15 16 17 18 19 20 21 22 23 24 25 26 27 28 27 26 25 3 2 1 0 1 2 3 4 5 6 7 8 9 10 11 12 13 14 15 16 17 18 19 20 3 2 1 0 1 2 3 4 5 6 7 8 9 10 11 12 13 14 15 16 17 18 19 20
9 10 11 12 13 14 15 16 17 18 19 20 21 22 23 24 25 26 27 28 27 26 25 24 9 10 11 12 13 14 15 16 17 18 19 20 21 22 23 24 25 26 27 28 27 26 25 24 4 3 2 1 0 1 2 3 4 5 6 7 8 9 10 11 12 13 14 15 16 17 18 19 4 3 2 1 0 1 2 3 4 5 6 7 8 9 10 11 12 13 14 15 16 17 18 19
10 11 12 13 14 15 16 17 18 19 20 21 22 23 24 25 26 27 28 27 26 25 24 23 10 11 12 13 14 15 16 17 18 19 20 21 22 23 24 25 26 27 28 27 26 25 24 23 5 4 3 2 1 0 1 2 3 4 5 6 7 8 9 10 11 12 13 14 15 16 17 18 5 4 3 2 1 0 1 2 3 4 5 6 7 8 9 10 11 12 13 14 15 16 17 18
11 12 13 14 15 16 17 18 19 20 21 22 23 24 25 26 27 28 27 26 25 24 23 22 11 12 13 14 15 16 17 18 19 20 21 22 23 24 25 26 27 28 27 26 25 24 23 22 6 5 4 3 2 1 0 1 2 3 4 5 6 7 8 9 10 11 12 13 14 15 16 17 6 5 4 3 2 1 0 1 2 3 4 5 6 7 8 9 10 11 12 13 14 15 16 17
12 13 14 15 16 17 18 19 20 21 22 23 24 25 26 27 28 27 26 25 24 23 22 21 12 13 14 15 16 17 18 19 20 21 22 23 24 25 26 27 28 27 26 25 24 23 22 21 7 6 5 4 3 2 1 0 1 2 3 4 5 6 7 8 9 10 11 12 13 14 15 16 7 6 5 4 3 2 1 0 1 2 3 4 5 6 7 8 9 10 11 12 13 14 15 16
13 14 15 16 17 18 19 20 21 22 23 24 25 26 27 28 27 26 25 24 23 22 21 20 13 14 15 16 17 18 19 20 21 22 23 24 25 26 27 28 27 26 25 24 23 22 21 20 8 7 6 5 4 3 2 1 0 1 2 3 4 5 6 7 8 9 10 11 12 13 14 15 8 7 6 5 4 3 2 1 0 1 2 3 4 5 6 7 8 9 10 11 12 13 14 15
14 15 16 17 18 19 20 21 22 23 24 25 26 27 28 27 26 25 24 23 22 21 20 19 14 15 16 17 18 19 20 21 22 23 24 25 26 27 28 27 26 25 24 23 22 21 20 19 9 8 7 6 5 4 3 2 1 0 1 2 3 4 5 6 7 8 9 10 11 12 13 14 9 8 7 6 5 4 3 2 1 0 1 2 3 4 5 6 7 8 9 10 11 12 13 14
15 16 17 18 19 20 21 22 23 24 25 26 27 28 27 26 25 24 23 22 21 20 19 18 15 16 17 18 19 20 21 22 23 24 25 26 27 28 27 26 25 24 23 22 21 20 19 18 10 9 8 7 6 5 4 3 2 1 0 1 2 3 4 5 6 7 8 9 10 11 12 13 10 9 8 7 6 5 4 3 2 1 0 1 2 3 4 5 6 7 8 9 10 11 12 13
16 17 18 19 20 21 22 23 24 25 26 27 28 27 26 25 24 23 22 21 20 19 18 17 16 17 18 19 20 21 22 23 24 25 26 27 28 27 26 25 24 23 22 21 20 19 18 17 11 10 9 8 7 6 5 4 3 2 1 0 1 2 3 4 5 6 7 8 9 10 11 12 11 10 9 8 7 6 5 4 3 2 1 0 1 2 3 4 5 6 7 8 9 10 11 12
17 18 19 20 21 22 23 24 25 26 27 28 27 26 25 24 23 22 21 20 19 18 17 16 17 18 19 20 21 22 23 24 25 26 27 28 27 26 25 24 23 22 21 20 19 18 17 16 12 11 10 9 8 7 6 5 4 3 2 1 0 1 2 3 4 5 6 7 8 9 10 11 12 11 10 9 8 7 6 5 4 3 2 1 0 1 2 3 4 5 6 7 8 9 10 11
18 19 20 21 22 23 24 25 26 27 28 27 26 25 24 23 22 21 20 19 18 17 16 15 18 19 20 21 22 23 24 25 26 27 28 27 26 25 24 23 22 21 20 19 18 17 16 15 13 12 11 10 9 8 7 6 5 4 3 2 1 0 1 2 3 4 5 6 7 8 9 10 13 12 11 10 9 8 7 6 5 4 3 2 1 0 1 2 3 4 5 6 7 8 9 10
19 20 21 22 23 24 25 26 27 28 27 26 25 24 23 22 21 20 19 18 17 16 15 14 19 20 21 22 23 24 25 26 27 28 27 26 25 24 23 22 21 20 19 18 17 16 15 14 14 13 12 11 10 9 8 7 6 5 4 3 2 1 0 1 2 3 4 5 6 7 8 9 14 13 12 11 10 9 8 7 6 5 4 3 2 1 0 1 2 3 4 5 6 7 8 9
20 21 22 23 24 25 26 27 28 27 26 25 24 23 22 21 20 19 18 17 16 15 14 13 20 21 22 23 24 25 26 27 28 27 26 25 24 23 22 21 20 19 18 17 16 15 14 13 15 14 13 12 11 10 9 8 7 6 5 4 3 2 1 0 1 2 3 4 5 6 7 8 15 14 13 12 11 10 9 8 7 6 5 4 3 2 1 0 1 2 3 4 5 6 7 8
21 22 23 24 25 26 27 28 27 26 25 24 23 22 21 20 19 18 17 16 15 14 13 12 21 22 23 24 25 26 27 28 27 26 25 24 23 22 21 20 19 18 17 16 15 14 13 12 16 15 14 13 12 11 10 9 8 7 6 5 4 3 2 1 0 1 2 3 4 5 6 7 16 15 14 13 12 11 10 9 8 7 6 5 4 3 2 1 0 1 2 3 4 5 6 7
22 23 24 25 26 27 28 27 26 25 24 23 22 21 20 19 18 17 16 15 14 13 12 11 22 23 24 25 26 27 28 27 26 25 24 23 22 21 20 19 18 17 16 15 14 13 12 11 17 16 15 14 13 12 11 10 9 8 7 6 5 4 3 2 1 0 1 2 3 4 5 6 17 16 15 14 13 12 11 10 9 8 7 6 5 4 3 2 1 0 1 2 3 4 5 6
23 24 25 26 27 28 27 26 25 24 23 22 21 20 19 18 17 16 15 14 13 12 11 10 23 24 25 26 27 28 27 26 25 24 23 22 21 20 19 18 17 16 15 14 13 12 11 10 18 17 16 15 14 13 12 11 10 9 8 7 6 5 4 3 2 1 0 1 2 3 4 5 18 17 16 15 14 13 12 11 10 9 8 7 6 5 4 3 2 1 0 1 2 3 4 5
24 25 26 27 28 27 26 25 24 23 22 21 20 19 18 17 16 15 14 13 12 11 10 9 24 25 26 27 28 27 26 25 24 23 22 21 20 19 18 17 16 15 14 13 12 11 10 9 19 18 17 16 15 14 13 12 11 10 9 8 7 6 5 4 3 2 1 0 1 2 3 4 19 18 17 16 15 14 13 12 11 10 9 8 7 6 5 4 3 2 1 0 1 2 3 4
25 26 27 28 27 26 25 24 23 22 21 20 19 18 17 16 15 14 13 12 11 10 9 8 25 26 27 28 27 26 25 24 23 22 21 20 19 18 17 16 15 14 13 12 11 10 9 8 20 19 18 17 16 15 14 13 12 11 10 9 8 7 6 5 4 3 2 1 0 1 2 3 20 19 18 17 16 15 14 13 12 11 10 9 8 7 6 5 4 3 2 1 0 1 2 3
26 27 28 27 26 25 24 23 22 21 20 19 18 17 16 15 14 13 12 11 10 9 8 7 26 27 28 27 26 25 24 23 22 21 20 19 18 17 16 15 14 13 12 11 10 9 8 7 21 20 19 18 17 16 15 14 13 12 11 10 9 8 7 6 5 4 3 2 1 0 1 2 21 20 19 18 17 16 15 14 13 12 11 10 9 8 7 6 5 4 3 2 1 0 1 2
27 28 27 26 25 24 23 22 21 20 19 18 17 16 15 14 13 12 11 10 9 8 7 6 27 28 27 26 25 24 23 22 21 20 19 18 17 16 15 14 13 12 11 10 9 8 7 6 22 21 20 19 18 17 16 15 14 13 12 11 10 9 8 7 6 5 4 3 2 1 0 1 22 21 20 19 18 17 16 15 14 13 12 11 10 9 8 7 6 5 4 3 2 1 0 1
28 27 26 25 24 23 22 21 20 19 18 17 16 15 14 13 12 11 10 9 8 7 6 5 28 27 26 25 24 23 22 21 20 19 18 17 16 15 14 13 12 11 10 9 8 7 6 5 23 22 21 20 19 18 17 16 15 14 13 12 11 10 9 8 7 6 5 4 3 2 1 0 23 22 21 20 19 18 17 16 15 14 13 12 11 10 9 8 7 6 5 4 3 2 1 0
]

DistancePackagingShelf: [
2 3 4 5 6 7 8 9 10 11 12 13 14 15 16 17 18 19 20 21 22 23 24 25 2 3 4 5 6 7 8 9 10 11 12 13 14 15 16 17 18 19 20 21 22 23 24 25 3 4 5 6 7 8 9 10 11 12 13 14 15 16 17 18 19 20 21 22 23 24 25 26 3 4 5 6 7 8 9 10 11 12 13 14 15 16 17 18 19 20 21 22 23 24 25 26
]
